64.46 86.07 0.02 -0.02 2.62 -7.66 30.67
64.52 85.96 0.03 -0.07 3.88 -8.15 30.80
64.57 85.62 0.01 -0.14 7.88 -8.36 31.02
64.60 84.56 0.02 -0.27 4.75 -8.31 31.40
64.63 83.98 0.02 -0.30 4.50 -8.05 31.66
64.73 82.92 0.04 -0.37 5.50 -7.74 31.89
64.84 82.12 0.06 -0.40 5.75 -7.43 32.10
65.03 80.82 0.07 -0.46 5.88 -7.13 32.29
65.20 79.88 0.09 -0.48 6.00 -6.84 32.56
65.39 78.93 0.11 -0.49 10.75 -6.56 32.81
65.51 78.43 0.11 -0.50 9.50 -6.27 33.03
66.02 76.34 0.14 -0.55 5.88 -5.96 33.22
66.32 75.22 0.16 -0.57 14.12 -5.56 33.40
66.85 73.44 0.19 -0.61 8.75 -5.08 33.56
67.24 72.20 0.20 -0.62 9.12 -4.58 33.70
67.92 70.28 0.24 -0.64 10.00 -4.11 33.83
68.43 68.98 0.27 -0.65 8.62 -3.62 33.95
69.32 66.99 0.31 -0.67 10.88 -3.16 34.06
70.31 64.96 0.34 -0.68 16.00 -2.80 34.15
71.02 63.63 0.36 -0.66 8.38 -2.52 34.34
72.20 61.62 0.40 -0.67 9.75 -2.26 34.50
73.06 60.25 0.43 -0.67 19.25 -2.04 34.65
73.97 58.89 0.46 -0.68 14.62 -1.81 34.79
75.44 56.81 0.50 -0.69 7.88 -1.50 34.91
76.50 55.41 0.54 -0.70 21.50 -1.10 35.02
78.14 53.35 0.55 -0.70 11.12 -0.67 35.12
79.29 52.00 0.59 -0.68 10.12 -0.20 35.30
81.04 50.04 0.59 -0.64 19.50 0.28 35.47
82.23 48.80 0.60 -0.61 31.00 0.71 35.63
83.98 47.07 0.57 -0.55 13.88 1.01 35.76
85.12 46.03 0.57 -0.52 11.12 1.17 35.89
86.77 44.57 0.54 -0.46 13.62 1.23 36.10
87.80 43.72 0.50 -0.42 17.25 1.23 36.29
89.23 42.61 0.46 -0.35 14.75 1.26 36.46
90.08 41.96 0.42 -0.31 14.75 1.35 36.71
91.25 41.11 0.37 -0.27 16.88 1.50 36.94
91.92 40.62 0.32 -0.23 14.75 1.71 37.15
92.53 40.20 0.30 -0.21 12.50 1.95 37.33
93.32 39.65 0.25 -0.17 10.00 2.20 37.50
93.98 39.22 0.20 -0.13 9.75 2.39 37.65
94.16 39.10 0.19 -0.12 9.75 2.52 37.78
94.65 38.79 0.15 -0.10 9.75 2.60 37.91
94.91 38.62 0.13 -0.08 9.62 2.64 38.02
95.25 38.41 0.10 -0.06 9.12 2.63 38.11
95.43 38.30 0.09 -0.05 8.12 2.58 38.20
95.66 38.19 0.07 -0.03 7.25 2.50 38.28
95.80 38.14 0.07 -0.03 6.00 2.42 38.45
95.98 38.09 0.06 -0.01 2.88 2.34 38.61
95.99 81.72 -0.00 -0.01 5.25 -12.47 37.67
95.98 81.63 -0.00 -0.06 4.38 -12.65 37.61
96.02 81.46 0.03 -0.10 5.50 -12.72 37.55
96.20 81.07 0.08 -0.14 8.75 -12.71 37.49
96.43 80.71 0.12 -0.19 15.12 -12.64 37.44
96.86 80.10 0.15 -0.23 12.75 -12.50 37.40
97.22 79.59 0.19 -0.27 8.50 -12.25 37.36
97.91 78.61 0.25 -0.36 8.38 -11.93 37.22
98.45 77.82 0.28 -0.41 11.62 -11.55 37.10
99.39 76.47 0.32 -0.48 6.38 -11.11 36.99
100.07 75.44 0.34 -0.53 11.12 -10.67 36.79
101.21 73.79 0.40 -0.55 7.62 -10.19 36.61
102.02 72.64 0.42 -0.59 7.50 -9.77 36.45
103.28 70.84 0.43 -0.60 21.38 -9.39 36.31
104.15 69.66 0.44 -0.59 17.50 -9.10 36.18
106.46 66.64 0.47 -0.61 8.12 -8.90 36.06
106.95 66.04 0.48 -0.61 12.25 -8.80 35.95
107.41 65.44 0.47 -0.60 19.12 -8.72 35.86
108.83 63.65 0.47 -0.60 16.12 -8.60 35.77
109.79 62.44 0.48 -0.60 8.12 -8.41 35.69
111.24 60.61 0.48 -0.62 9.88 -8.16 35.62
112.21 59.40 0.49 -0.60 23.50 -7.89 35.56
113.65 57.66 0.48 -0.57 13.88 -7.64 35.51
114.59 56.50 0.46 -0.58 11.62 -7.39 35.46
115.95 54.80 0.44 -0.55 7.75 -7.13 35.31
116.83 53.69 0.44 -0.55 12.12 -6.87 35.18
118.11 52.13 0.42 -0.51 15.88 -6.60 35.06
118.90 51.16 0.39 -0.48 8.88 -6.38 34.95
119.98 49.82 0.34 -0.43 14.38 -6.26 34.86
120.61 49.03 0.30 -0.39 9.38 -6.20 34.77
121.45 47.93 0.26 -0.34 13.12 -6.24 34.70
122.32 46.77 0.20 -0.26 13.12 -6.34 34.63
122.50 46.53 0.18 -0.25 13.12 -6.47 34.66
122.82 46.09 0.16 -0.21 13.00 -6.56 34.70
123.10 45.72 0.13 -0.18 12.38 -6.57 34.73
123.40 45.30 0.09 -0.12 8.12 -6.53 34.75
123.55 45.09 0.07 -0.10 6.88 -6.46 34.78
123.73 44.83 0.05 -0.08 6.25 -6.35 34.80
123.84 44.69 0.05 -0.07 5.62 -6.25 34.72
123.95 44.54 0.03 -0.04 5.12 -6.16 34.65
124.01 44.46 0.03 -0.04 4.50 -6.09 34.58
124.16 44.31 0.07 -0.06 2.00 -6.03 34.53
124.34 44.20 0.10 -0.05 2.25 -5.92 34.47
117.57 80.07 0.02 -0.03 8.75 -19.65 37.37
117.59 80.05 0.02 -0.03 8.62 -19.74 37.44
117.67 79.95 0.03 -0.03 9.12 -19.81 37.49
117.75 79.84 0.03 -0.04 10.25 -19.86 37.54
117.83 79.73 0.04 -0.06 16.25 -19.90 37.59
117.96 79.54 0.05 -0.07 15.88 -19.92 37.63
118.05 79.39 0.05 -0.08 13.12 -19.93 37.67
118.23 79.13 0.06 -0.08 11.62 -19.94 37.70
118.35 78.97 0.06 -0.08 10.38 -19.95 37.73
118.58 78.69 0.08 -0.10 12.75 -19.93 37.76
118.73 78.49 0.07 -0.10 10.62 -19.91 37.78
118.96 78.18 0.07 -0.10 5.88 -19.90 37.80
119.11 77.98 0.07 -0.09 5.00 -19.89 37.82
119.32 77.69 0.07 -0.09 5.38 -19.88 37.84
119.45 77.52 0.07 -0.09 6.12 -19.86 37.86
119.66 77.24 0.07 -0.09 6.25 -19.83 37.87
119.79 77.05 0.07 -0.09 6.12 -19.81 37.88
119.85 76.97 0.06 -0.09 6.00 -19.79 37.90
120.09 76.62 0.06 -0.09 5.12 -19.77 37.91
120.21 76.44 0.06 -0.09 5.50 -19.74 37.92
120.38 76.19 0.06 -0.08 5.88 -19.72 37.92
120.49 76.02 0.05 -0.09 5.25 -19.70 37.93
120.66 75.75 0.05 -0.09 5.38 -19.69 37.94
120.77 75.58 0.06 -0.09 6.00 -19.69 37.94
120.95 75.33 0.06 -0.08 5.50 -19.69 37.95
121.07 75.16 0.07 -0.09 7.12 -19.70 37.96
121.25 74.91 0.06 -0.08 7.50 -19.72 37.96
121.38 74.73 0.06 -0.09 9.88 -19.76 37.96
121.55 74.48 0.06 -0.09 12.88 -19.81 37.97
121.67 74.30 0.06 -0.09 12.75 -19.85 37.97
121.86 74.03 0.06 -0.09 12.62 -19.88 37.97
121.97 73.86 0.05 -0.09 14.62 -19.89 37.98
122.14 73.62 0.05 -0.07 16.88 -19.90 37.98
122.20 73.55 0.06 -0.07 14.25 -19.89 37.98
122.38 73.32 0.06 -0.08 15.38 -19.89 37.98
122.54 73.09 0.05 -0.07 12.62 -19.88 37.98
122.64 72.95 0.05 -0.07 13.25 -19.87 37.99
122.81 72.72 0.06 -0.08 12.50 -19.86 37.99
122.94 72.55 0.06 -0.09 11.75 -19.85 37.99
123.13 72.27 0.07 -0.09 12.25 -19.85 37.99
123.33 71.97 0.07 -0.11 9.88 -19.86 37.99
123.46 71.75 0.07 -0.11 8.62 -19.88 37.99
123.61 71.51 0.07 -0.12 6.62 -19.90 37.99
123.84 71.12 0.08 -0.13 8.12 -19.92 37.99
123.99 70.88 0.07 -0.12 8.25 -19.93 37.99
124.21 70.50 0.08 -0.13 6.62 -19.94 37.99
124.37 70.24 0.07 -0.13 6.88 -19.95 38.00
124.59 69.86 0.07 -0.13 7.25 -19.94 38.00
124.75 69.58 0.08 -0.14 8.88 -19.94 38.10
124.82 69.45 0.07 -0.13 10.12 -19.93 38.19
125.14 68.94 0.08 -0.13 12.88 -19.91 38.27
125.30 68.69 0.08 -0.12 9.75 -19.92 38.34
125.61 68.28 0.11 -0.14 6.75 -19.94 38.41
125.82 68.02 0.11 -0.13 5.62 -19.93 38.47
126.11 67.64 0.09 -0.12 5.38 -19.90 38.52
126.29 67.39 0.09 -0.13 5.88 -19.86 38.57
126.55 67.00 0.09 -0.14 4.62 -19.80 38.61
126.76 66.69 0.10 -0.16 6.00 -19.77 38.65
127.08 66.22 0.11 -0.16 3.75 -19.72 38.68
127.29 65.91 0.10 -0.15 5.75 -19.67 38.72
127.58 65.48 0.09 -0.14 8.38 -19.62 38.74
127.77 65.17 0.09 -0.15 11.75 -19.56 38.77
128.04 64.71 0.09 -0.15 17.50 -19.51 38.79
128.21 64.43 0.08 -0.14 17.25 -19.46 38.81
128.46 64.00 0.08 -0.14 18.12 -19.43 38.83
128.54 63.87 0.08 -0.13 17.00 -19.41 38.85
128.77 63.45 0.08 -0.14 14.75 -19.38 38.86
129.00 63.02 0.08 -0.14 9.75 -19.38 38.88
129.16 62.73 0.08 -0.14 8.88 -19.38 38.89
129.39 62.30 0.07 -0.14 8.75 -19.37 38.90
129.56 62.01 0.09 -0.14 5.50 -19.33 38.91
129.83 61.55 0.09 -0.15 4.88 -19.30 38.92
130.02 61.25 0.09 -0.15 5.62 -19.27 38.93
130.27 60.83 0.08 -0.13 5.88 -19.26 38.94
130.49 60.41 0.08 -0.14 4.88 -19.25 38.94
130.64 60.15 0.08 -0.14 7.88 -19.24 38.95
130.78 59.90 0.07 -0.12 8.62 -19.22 38.95
130.99 59.54 0.07 -0.12 8.00 -19.23 38.96
131.12 59.30 0.07 -0.12 8.88 -19.24 38.96
131.30 58.97 0.06 -0.11 11.38 -19.22 38.97
131.42 58.77 0.05 -0.10 11.25 -19.20 38.97
131.48 58.67 0.06 -0.10 10.25 -19.19 38.97
131.72 58.27 0.06 -0.11 13.25 -19.19 38.97
131.85 58.05 0.07 -0.11 13.38 -19.17 38.98
132.03 57.74 0.06 -0.10 13.00 -19.16 38.98
132.18 57.50 0.08 -0.12 15.00 -19.14 38.98
132.40 57.16 0.07 -0.12 8.25 -19.11 38.98
132.55 56.91 0.08 -0.12 9.38 -19.10 38.99
132.77 56.56 0.07 -0.11 8.25 -19.06 38.99
132.91 56.31 0.08 -0.13 7.25 -19.02 38.99
133.16 55.91 0.09 -0.14 8.62 -18.98 38.99
133.33 55.63 0.08 -0.14 8.62 -18.92 38.99
133.56 55.22 0.08 -0.14 8.75 -18.87 38.99
133.72 54.92 0.08 -0.15 10.88 -18.82 38.99
133.96 54.47 0.08 -0.15 11.75 -18.78 38.99
134.12 54.17 0.08 -0.15 11.38 -18.73 38.99
134.40 53.70 0.10 -0.16 8.12 -18.68 38.99
134.50 53.54 0.10 -0.16 7.12 -18.65 38.99
134.80 53.05 0.10 -0.17 7.50 -18.61 39.00
135.09 52.55 0.10 -0.17 8.25 -18.59 39.00
135.29 52.21 0.10 -0.16 8.12 -18.57 39.00
135.60 51.73 0.11 -0.16 6.75 -18.56 39.00
135.81 51.41 0.11 -0.17 6.50 -18.54 39.00
136.12 50.94 0.10 -0.16 6.38 -18.54 39.00
136.32 50.64 0.10 -0.15 7.00 -18.52 39.00
136.63 50.20 0.10 -0.14 5.75 -18.49 39.00
136.84 49.90 0.11 -0.15 9.75 -18.44 39.00
137.13 49.46 0.09 -0.15 13.88 -18.39 39.00
137.31 49.18 0.09 -0.14 16.00 -18.35 39.00
137.58 48.73 0.09 -0.14 19.62 -18.33 39.00
137.75 48.44 0.08 -0.14 16.38 -18.29 39.00
137.98 48.04 0.08 -0.14 22.25 -18.27 39.00
138.13 47.78 0.07 -0.12 20.88 -18.25 39.00
138.20 47.66 0.07 -0.12 21.50 -18.23 39.00
138.52 47.14 0.08 -0.14 13.62 -18.21 39.00
138.67 46.89 0.07 -0.12 12.25 -18.19 39.00
138.88 46.52 0.07 -0.12 9.38 -18.15 39.00
139.01 46.29 0.06 -0.11 8.75 -18.09 39.00
139.20 45.96 0.06 -0.11 11.75 -18.03 39.00
139.32 45.76 0.06 -0.09 11.25 -17.98 39.00
139.52 45.45 0.07 -0.11 11.88 -17.93 39.00
139.64 45.24 0.06 -0.10 10.38 -17.88 39.00
139.82 44.95 0.06 -0.09 9.38 -17.80 39.00
139.94 44.75 0.07 -0.10 7.00 -17.70 39.00
140.16 44.44 0.07 -0.11 8.00 -17.60 39.00
140.30 44.22 0.07 -0.11 8.75 -17.51 39.00
140.50 43.92 0.07 -0.10 9.12 -17.42 39.00
140.64 43.72 0.07 -0.10 10.50 -17.35 38.90
140.85 43.44 0.07 -0.09 12.88 -17.28 38.81
140.91 43.36 0.07 -0.09 13.25 -17.21 38.73
141.13 43.09 0.07 -0.09 13.88 -17.14 38.66
141.28 42.92 0.07 -0.09 14.50 -17.09 38.59
141.50 42.66 0.07 -0.09 13.00 -17.03 38.53
141.70 42.41 0.06 -0.08 13.50 -16.99 38.48
141.82 42.27 0.06 -0.07 11.00 -16.96 38.43
141.94 42.12 0.06 -0.07 11.75 -16.93 38.39
142.11 41.93 0.05 -0.06 11.75 -16.89 38.35
142.26 41.77 0.05 -0.05 11.12 -16.86 38.31
142.35 41.67 0.04 -0.05 10.62 -16.80 38.28
142.46 41.53 0.03 -0.05 11.38 -16.74 38.25
142.52 41.45 0.04 -0.04 12.12 -16.68 38.23
142.60 41.34 0.03 -0.04 11.62 -16.62 38.21
142.64 41.28 0.02 -0.03 10.75 -16.56 38.19
142.71 41.18 0.02 -0.03 8.75 -16.52 38.17
142.75 41.12 0.02 -0.03 8.62 -16.47 38.15
142.76 41.09 0.02 -0.03 8.62 -16.43 38.14
142.80 41.02 0.01 -0.02 8.50 -16.39 38.02
142.82 40.98 0.01 -0.02 8.62 -16.34 37.92
142.84 40.94 0.00 -0.01 8.38 -16.20 37.74
142.86 40.91 0.01 -0.02 7.75 -16.07 37.67
142.88 40.88 0.02 -0.02 6.75 -15.90 37.50
142.95 40.80 0.04 -0.05 4.75 -15.67 37.35
143.15 40.61 0.07 -0.07 1.88 -15.33 37.22
141.59 76.81 0.02 -0.03 8.00 -19.45 39.17
141.64 76.75 0.02 -0.03 8.50 -19.55 39.15
141.70 76.68 0.02 -0.02 8.88 -19.62 39.14
141.73 76.64 0.02 -0.02 9.12 -19.66 39.22
141.78 76.59 0.02 -0.02 9.25 -19.66 39.20
141.80 76.57 0.01 -0.01 9.25 -19.66 39.18
141.81 76.56 0.01 -0.01 9.38 -19.66 39.16
141.86 76.52 0.01 -0.01 9.88 -19.68 39.15
141.88 76.49 0.01 -0.01 9.62 -19.73 39.13
141.91 76.46 0.01 -0.01 10.00 -19.81 39.12
141.93 76.44 0.01 -0.01 9.88 -19.92 39.11
141.95 76.41 0.01 -0.01 9.88 -20.05 39.20
141.98 76.39 0.01 -0.01 9.50 -20.19 39.28
141.99 76.37 0.01 -0.01 9.25 -20.33 39.35
142.02 76.35 0.01 -0.01 9.25 -20.44 39.41
142.03 76.33 0.01 -0.01 9.12 -20.55 39.47
142.05 76.31 0.00 -0.00 9.12 -20.66 39.53
142.06 76.30 0.00 -0.00 9.12 -20.76 39.57
142.07 76.29 0.00 -0.00 9.00 -20.86 39.62
142.08 76.28 0.00 -0.00 8.75 -20.98 39.65
142.11 76.26 0.00 -0.00 8.50 -21.36 39.94
142.18 76.23 0.01 -0.00 7.12 -21.75 40.30
142.23 76.22 0.01 -0.00 7.12 -21.90 40.44
142.30 76.22 0.03 0.00 5.50 -22.00 40.54
142.41 76.24 0.05 0.01 10.25 -22.02 40.59
142.51 76.26 0.05 0.01 12.62 -22.07 40.63
142.66 76.28 0.05 0.01 8.38 -22.14 40.67
142.86 76.30 0.06 0.01 6.12 -22.21 40.70
143.00 76.32 0.07 0.00 6.50 -22.25 40.73
143.14 76.32 0.08 0.00 4.75 -22.31 40.76
143.50 76.34 0.09 0.00 7.00 -22.41 40.80
144.49 76.34 0.10 -0.00 6.50 -22.69 40.87
144.67 76.33 0.09 -0.00 5.50 -22.78 40.88
145.01 76.32 0.11 -0.00 6.88 -22.89 40.90
145.22 76.32 0.11 -0.00 7.50 -23.00 40.91
145.54 76.28 0.11 -0.02 7.00 -23.10 40.92
145.76 76.25 0.11 -0.02 8.38 -23.21 40.92
146.10 76.19 0.12 -0.02 7.88 -23.30 40.93
146.36 76.16 0.13 -0.02 9.75 -23.38 40.94
146.79 76.08 0.14 -0.03 12.00 -23.44 40.94
147.02 76.04 0.11 -0.02 8.75 -23.51 40.95
147.31 75.96 0.09 -0.02 4.25 -23.58 40.95
147.52 75.91 0.11 -0.03 4.38 -23.66 40.96
147.63 75.89 0.11 -0.02 3.50 -23.76 40.96
148.16 75.77 0.15 -0.04 3.62 -23.85 40.97
148.47 75.68 0.15 -0.04 4.75 -23.96 40.97
148.88 75.58 0.13 -0.04 3.25 -24.09 40.97
149.14 75.50 0.14 -0.04 4.62 -24.22 40.98
149.60 75.35 0.16 -0.05 7.12 -24.37 40.98
149.93 75.24 0.18 -0.06 7.75 -24.52 40.98
150.55 75.02 0.23 -0.09 11.62 -24.67 40.98
150.99 74.83 0.22 -0.10 9.12 -24.81 40.98
151.61 74.54 0.20 -0.10 10.62 -24.94 40.99
152.02 74.34 0.21 -0.10 6.88 -25.06 40.99
152.69 74.02 0.22 -0.11 5.62 -25.19 40.99
153.11 73.78 0.20 -0.12 4.12 -25.31 40.99
153.72 73.41 0.21 -0.13 4.12 -25.43 40.99
154.13 73.14 0.20 -0.13 4.25 -25.56 40.99
154.74 72.72 0.20 -0.14 3.75 -25.66 40.99
155.12 72.44 0.19 -0.14 4.50 -25.76 40.99
155.73 71.98 0.20 -0.16 5.25 -25.88 40.99
156.15 71.62 0.21 -0.18 6.88 -25.98 40.99
156.75 71.11 0.20 -0.18 7.50 -26.07 41.00
157.13 70.75 0.19 -0.18 10.12 -26.15 41.00
157.69 70.18 0.18 -0.19 10.25 -26.25 41.00
158.05 69.78 0.18 -0.20 10.25 -26.36 41.00
158.58 69.14 0.18 -0.22 5.38 -26.44 41.00
158.92 68.70 0.17 -0.22 3.62 -26.51 41.00
159.45 68.01 0.18 -0.24 5.12 -26.57 41.00
159.80 67.52 0.17 -0.25 5.50 -26.58 41.00
159.98 67.26 0.18 -0.26 5.00 -26.57 41.00
160.50 66.46 0.17 -0.27 6.75 -26.57 41.00
161.00 65.65 0.17 -0.27 10.62 -26.56 41.00
161.34 65.09 0.17 -0.28 8.00 -26.53 40.90
161.83 64.23 0.16 -0.29 8.12 -26.52 40.81
162.15 63.65 0.16 -0.29 6.88 -26.51 40.73
162.62 62.75 0.15 -0.30 11.38 -26.47 40.65
162.92 62.15 0.15 -0.30 10.75 -26.45 40.59
163.35 61.26 0.14 -0.30 17.62 -26.46 40.53
163.63 60.66 0.14 -0.29 15.62 -26.45 40.48
164.03 59.75 0.14 -0.32 9.00 -26.44 40.43
164.29 59.14 0.12 -0.30 8.00 -26.41 40.39
164.66 58.18 0.12 -0.32 5.38 -26.36 40.35
164.91 57.50 0.12 -0.35 8.62 -26.25 40.31
165.27 56.47 0.12 -0.34 10.62 -26.16 40.28
165.50 55.77 0.12 -0.36 9.88 -26.07 40.25
165.87 54.72 0.12 -0.36 6.88 -26.00 40.23
166.10 54.01 0.12 -0.36 7.25 -25.92 40.21
166.46 52.93 0.12 -0.36 6.00 -25.86 40.18
166.69 52.19 0.12 -0.38 12.62 -25.77 40.17
167.05 51.08 0.12 -0.37 16.62 -25.69 40.15
167.30 50.35 0.12 -0.36 13.25 -25.59 40.13
167.66 49.24 0.12 -0.37 10.00 -25.47 40.12
167.89 48.49 0.11 -0.38 12.88 -25.28 40.11
168.23 47.37 0.12 -0.39 14.38 -25.08 40.10
168.45 46.63 0.11 -0.36 21.12 -24.90 40.09
168.75 45.60 0.11 -0.34 16.75 -24.79 40.08
168.95 44.96 0.10 -0.32 18.75 -24.69 40.07
169.13 44.36 0.09 -0.30 21.12 -24.59 40.06
169.38 43.47 0.08 -0.29 12.88 -24.54 40.06
169.54 42.92 0.08 -0.27 10.88 -24.54 40.05
169.76 42.19 0.07 -0.23 9.12 -24.54 40.05
169.82 41.97 0.06 -0.22 9.25 -24.53 40.04
169.96 41.38 0.04 -0.18 8.50 -24.54 40.04
170.07 40.88 0.04 -0.16 9.50 -24.54 40.03
170.14 40.56 0.04 -0.16 8.75 -24.50 40.03
170.23 40.13 0.03 -0.13 9.38 -24.43 40.03
170.28 39.90 0.02 -0.11 9.38 -24.32 40.02
170.33 39.61 0.02 -0.09 9.12 -24.20 40.02
170.36 39.45 0.01 -0.07 8.50 -24.07 40.02
170.38 39.25 0.00 -0.06 8.12 -23.94 40.02
170.38 39.16 0.00 -0.04 7.50 -23.80 40.02
164.66 77.18 0.01 -0.00 9.12 -23.46 39.55
164.75 77.16 0.02 -0.00 6.38 -23.56 39.45
164.83 77.15 0.03 -0.00 5.00 -23.64 39.50
164.88 77.14 0.03 -0.00 4.62 -23.71 39.55
164.94 77.14 0.03 -0.00 4.62 -23.78 39.60
165.02 77.13 0.03 -0.00 4.50 -23.85 39.64
165.20 77.14 0.05 0.01 9.12 -23.98 39.71
165.34 77.17 0.07 0.02 7.50 -24.10 39.74
165.49 77.22 0.08 0.03 8.38 -24.25 39.76
165.75 77.31 0.09 0.03 10.50 -24.39 39.79
165.95 77.38 0.10 0.04 10.75 -24.50 39.81
166.27 77.48 0.11 0.04 12.00 -24.61 39.83
166.50 77.56 0.11 0.04 12.62 -24.72 39.84
166.85 77.67 0.11 0.04 10.88 -24.81 39.86
167.12 77.75 0.13 0.04 8.88 -24.91 39.77
167.51 77.85 0.13 0.04 7.88 -25.01 39.70
167.76 77.91 0.12 0.03 7.88 -25.12 39.63
168.16 78.01 0.13 0.03 7.88 -25.24 39.56
168.60 78.11 0.15 0.03 5.88 -25.36 39.51
168.89 78.14 0.14 0.02 7.25 -25.49 39.46
169.17 78.17 0.15 0.01 9.12 -25.63 39.41
169.63 78.20 0.16 0.01 8.38 -25.78 39.37
169.93 78.21 0.15 0.00 9.62 -25.94 39.33
170.42 78.21 0.17 -0.00 11.25 -26.10 39.30
170.75 78.20 0.16 -0.01 12.12 -26.26 39.27
171.21 78.18 0.15 -0.01 10.50 -26.40 39.24
171.51 78.16 0.15 -0.01 9.25 -26.54 39.22
171.96 78.14 0.15 -0.01 8.75 -26.65 39.20
172.25 78.12 0.14 -0.02 10.00 -26.76 39.18
172.68 78.06 0.14 -0.02 5.38 -26.87 39.16
172.98 77.99 0.16 -0.04 10.75 -26.99 39.14
173.44 77.86 0.15 -0.05 6.38 -27.14 39.03
173.73 77.75 0.14 -0.06 4.75 -27.34 38.93
174.14 77.53 0.12 -0.07 4.12 -27.56 38.83
174.26 77.45 0.12 -0.08 3.25 -27.78 38.75
174.61 77.20 0.12 -0.09 3.38 -27.99 38.68
174.96 76.89 0.12 -0.11 5.88 -28.20 38.61
175.18 76.66 0.11 -0.12 6.00 -28.37 38.55
175.39 76.41 0.10 -0.12 5.38 -28.51 38.59
175.64 76.03 0.08 -0.14 5.00 -28.61 38.63
175.80 75.70 0.07 -0.18 6.75 -28.68 38.67
176.00 75.12 0.06 -0.20 9.00 -28.71 38.70
176.11 74.69 0.05 -0.22 6.88 -28.74 38.73
176.24 73.95 0.04 -0.25 5.12 -28.71 38.76
176.31 73.41 0.03 -0.28 7.38 -28.65 38.78
176.37 72.54 0.01 -0.30 8.25 -28.57 38.80
176.39 71.94 0.00 -0.30 7.38 -28.49 38.82
176.38 70.39 -0.01 -0.30 7.00 -28.24 38.86
176.34 69.48 -0.02 -0.30 4.25 -28.15 38.87
176.31 68.89 -0.02 -0.30 4.62 -28.13 38.88
176.22 68.03 -0.03 -0.28 5.88 -28.11 39.00
176.16 67.48 -0.04 -0.27 8.75 -28.06 39.10
176.06 66.65 -0.03 -0.28 14.00 -27.98 39.19
175.99 66.11 -0.04 -0.27 12.00 -27.84 39.27
175.88 65.32 -0.04 -0.26 13.62 -27.71 39.34
175.80 64.83 -0.04 -0.24 13.50 -27.59 39.41
175.69 64.13 -0.04 -0.24 10.62 -27.49 39.47
175.61 63.67 -0.04 -0.23 10.75 -27.39 39.52
175.52 63.04 -0.03 -0.20 10.25 -27.29 39.57
175.47 62.66 -0.02 -0.19 9.00 -27.19 39.61
175.43 62.08 -0.01 -0.20 8.12 -27.06 39.65
175.41 61.36 -0.00 -0.17 8.12 -26.72 39.72
175.42 60.87 0.00 -0.16 8.00 -26.54 39.74
175.46 60.38 0.02 -0.16 9.00 -26.35 39.77
175.48 60.22 0.02 -0.16 8.88 -26.13 39.79
175.56 59.76 0.03 -0.15 11.12 -25.95 39.81
175.62 59.48 0.04 -0.14 10.25 -25.78 39.83
175.75 59.07 0.05 -0.13 12.00 -25.61 39.85
175.85 58.82 0.05 -0.12 11.25 -25.45 39.96
176.00 58.50 0.05 -0.10 9.25 -25.27 39.97
176.11 58.30 0.06 -0.10 10.38 -25.09 39.97
176.29 58.02 0.06 -0.09 12.50 -24.90 39.97
176.43 57.85 0.07 -0.09 12.00 -24.71 39.98
176.64 57.62 0.07 -0.07 11.62 -24.54 39.98
176.78 57.48 0.07 -0.06 12.00 -24.39 39.98
176.98 57.30 0.07 -0.06 10.88 -24.26 39.98
177.14 57.18 0.09 -0.07 9.62 -24.15 39.98
177.39 57.01 0.08 -0.05 8.75 -24.04 39.89
177.54 56.91 0.07 -0.05 9.38 -23.94 39.80
177.77 56.77 0.07 -0.04 11.75 -23.83 39.72
177.95 56.67 0.09 -0.05 12.00 -23.74 39.65
178.23 56.54 0.09 -0.04 9.25 -23.66 39.58
178.40 56.47 0.09 -0.04 8.12 -23.59 39.52
178.66 56.38 0.09 -0.03 5.00 -23.53 39.47
178.89 56.32 0.11 -0.03 4.62 -23.48 39.32
179.11 56.26 0.11 -0.03 5.88 -23.44 39.19
179.43 56.19 0.10 -0.02 6.25 -23.39 39.07
179.73 56.13 0.10 -0.02 4.88 -23.33 38.97
179.95 56.09 0.11 -0.02 3.62 -23.27 38.87
180.17 56.06 0.12 -0.02 3.50 -23.23 38.78
180.50 56.00 0.11 -0.02 3.38 -23.19 38.70
180.83 55.94 0.11 -0.02 4.50 -23.17 38.63
181.05 55.89 0.11 -0.02 4.75 -23.15 38.47
181.39 55.82 0.11 -0.03 5.62 -23.15 38.32
181.63 55.76 0.12 -0.03 5.12 -23.15 38.19
181.88 55.71 0.13 -0.03 4.50 -23.15 38.07
182.01 55.68 0.13 -0.03 4.38 -23.15 37.96
182.49 55.58 0.11 -0.02 10.00 -23.13 37.87
182.70 55.53 0.11 -0.03 10.12 -23.11 37.78
183.00 55.43 0.10 -0.04 6.88 -23.09 37.70
183.20 55.36 0.10 -0.04 6.12 -23.09 37.63
183.46 55.26 0.09 -0.04 5.00 -23.10 37.47
183.64 55.18 0.09 -0.04 4.00 -23.12 37.32
183.91 55.05 0.08 -0.04 3.75 -23.14 37.19
184.07 54.98 0.07 -0.04 3.38 -23.17 37.07
184.32 54.84 0.09 -0.05 5.00 -23.18 36.96
184.51 54.73 0.09 -0.06 4.12 -23.21 36.87
184.77 54.54 0.08 -0.07 5.25 -23.24 36.78
184.93 54.41 0.08 -0.07 5.25 -23.28 36.70
185.13 54.21 0.06 -0.06 5.00 -23.35 36.63
185.26 54.07 0.06 -0.07 4.38 -23.42 36.57
185.43 53.83 0.05 -0.09 3.62 -23.46 36.41
185.53 53.68 0.05 -0.07 5.50 -23.47 36.27
185.61 53.51 0.04 -0.09 4.25 -23.45 36.14
185.74 53.20 0.04 -0.10 3.38 -23.36 36.03
185.82 52.81 0.02 -0.14 4.50 -23.23 35.93
185.86 52.52 0.01 -0.15 4.50 -23.11 35.83
185.82 51.77 -0.02 -0.15 3.12 -22.92 35.68
185.78 51.45 -0.02 -0.16 4.88 -22.92 35.61
185.67 50.95 -0.04 -0.17 5.50 -22.89 35.55
185.58 50.63 -0.05 -0.16 6.88 -22.88 35.49
185.42 50.13 -0.07 -0.18 11.75 -22.92 35.44
185.29 49.79 -0.06 -0.17 13.62 -22.90 35.50
185.08 49.29 -0.07 -0.16 9.50 -22.87 35.55
184.92 48.99 -0.08 -0.15 12.88 -22.84 35.59
184.66 48.54 -0.09 -0.16 13.62 -22.80 35.63
184.47 48.25 -0.09 -0.14 12.62 -22.77 35.67
184.38 48.12 -0.09 -0.13 12.12 -22.79 35.70
183.98 47.61 -0.11 -0.13 7.00 -22.85 35.73
183.78 47.34 -0.11 -0.14 3.88 -22.91 35.76
183.45 46.92 -0.11 -0.14 4.75 -22.91 35.78
183.21 46.65 -0.11 -0.13 4.50 -22.89 35.91
182.84 46.23 -0.12 -0.14 3.88 -22.88 36.02
182.59 45.95 -0.12 -0.14 3.88 -22.87 36.11
182.23 45.55 -0.12 -0.13 4.12 -22.84 36.20
182.00 45.28 -0.12 -0.13 5.25 -22.82 36.28
181.65 44.88 -0.12 -0.13 5.12 -22.81 36.35
181.41 44.61 -0.12 -0.14 9.38 -22.80 36.42
181.10 44.21 -0.10 -0.13 10.50 -22.82 36.48
180.91 43.96 -0.09 -0.12 12.12 -22.84 36.63
180.72 43.71 -0.09 -0.12 12.75 -22.85 36.77
180.45 43.33 -0.09 -0.13 10.38 -22.81 36.89
180.28 43.06 -0.08 -0.13 11.12 -22.75 37.00
180.05 42.68 -0.07 -0.13 12.38 -22.69 37.10
179.85 42.30 -0.06 -0.11 13.75 -22.69 37.19
179.75 42.09 -0.05 -0.11 13.75 -22.71 37.27
179.66 41.90 -0.04 -0.09 12.75 -22.73 37.44
179.54 41.63 -0.04 -0.10 11.12 -22.71 37.60
179.46 41.43 -0.04 -0.10 8.38 -22.65 37.74
179.38 41.13 -0.02 -0.10 7.38 -22.55 37.87
179.34 40.92 -0.02 -0.10 8.75 -22.44 37.98
179.33 40.41 0.00 -0.10 8.50 -22.25 38.17
179.37 40.12 0.02 -0.09 7.25 -22.15 38.26
179.41 39.94 0.02 -0.09 7.25 -22.02 38.33
179.51 39.68 0.04 -0.09 4.88 -21.88 38.40
179.61 39.52 0.05 -0.08 4.75 -21.70 38.46
179.82 39.24 0.08 -0.10 4.88 -21.53 38.51
180.00 39.03 0.09 -0.11 7.88 -21.35 38.46
180.11 38.93 0.11 -0.10 8.38 -21.21 38.41
180.58 38.55 0.13 -0.09 12.88 -21.10 38.37
180.86 38.36 0.14 -0.09 12.00 -21.00 38.34
181.29 38.09 0.14 -0.09 15.50 -20.91 38.30
181.57 37.91 0.14 -0.09 11.38 -20.84 38.27
181.99 37.67 0.14 -0.07 12.38 -20.80 38.24
182.26 37.54 0.13 -0.06 12.12 -20.77 38.22
182.66 37.34 0.14 -0.07 15.62 -20.75 38.20
182.92 37.20 0.13 -0.07 15.38 -20.73 38.18
183.17 37.08 0.12 -0.06 14.75 -20.72 38.16
183.51 36.92 0.11 -0.05 12.38 -20.71 38.14
183.81 36.79 0.09 -0.04 10.62 -20.70 38.13
184.01 36.71 0.10 -0.04 9.75 -20.67 38.12
184.20 36.64 0.09 -0.04 8.75 -20.64 38.11
184.45 36.54 0.08 -0.03 7.75 -20.63 38.09
184.61 36.49 0.07 -0.02 7.25 -20.63 38.09
184.82 36.43 0.07 -0.02 6.38 -20.63 38.08
184.97 36.38 0.08 -0.03 5.25 -20.64 38.07
185.25 36.27 0.09 -0.04 7.00 -20.65 38.06
185.43 36.20 0.09 -0.04 7.50 -20.64 37.96
185.68 36.11 0.09 -0.04 6.75 -20.63 37.86
185.86 36.03 0.09 -0.04 5.88 -20.63 37.77
186.12 35.90 0.09 -0.04 7.62 -20.64 37.70
186.30 35.81 0.09 -0.05 7.50 -20.64 37.63
186.59 35.69 0.09 -0.04 7.62 -20.64 37.56
186.77 35.61 0.09 -0.04 6.50 -20.64 37.51
187.03 35.50 0.09 -0.04 7.38 -20.65 37.46
187.25 35.41 0.07 -0.03 7.38 -20.64 37.41
187.38 35.36 0.06 -0.02 7.62 -20.67 37.37
187.48 35.32 0.05 -0.02 7.75 -20.71 37.33
187.61 35.27 0.04 -0.02 7.62 -20.76 37.30
187.69 35.24 0.04 -0.02 7.50 -20.80 37.17
187.72 35.23 0.04 -0.01 7.50 -20.85 37.05
187.83 35.19 0.02 -0.01 7.12 -20.91 36.95
187.88 35.17 0.02 -0.01 7.00 -20.97 36.85
187.91 35.16 0.01 -0.00 6.00 -21.01 36.77
187.97 35.15 0.02 -0.00 5.38 -20.93 36.62
188.04 35.14 0.03 -0.00 3.62 -20.84 36.56
